2 0.614062 0.407813 0.034375 0.021875
2 0.964844 0.726562 0.070312 0.109375
2 0.023438 0.537500 0.046875 0.042188
2 0.878125 0.582812 0.115625 0.115625
2 0.517188 0.378125 0.034375 0.014063
2 0.409375 0.604688 0.103125 0.087500
2 0.139063 0.490625 0.146875 0.070312
2 0.723437 0.475000 0.118750 0.073438
2 0.192188 0.459375 0.143750 0.053125
2 0.040625 0.720313 0.079687 0.121875
2 0.584375 0.487500 0.040625 0.039062
2 0.756250 0.573438 0.087500 0.126562
2 0.696875 0.567187 0.087500 0.090625
2 0.510938 0.503125 0.087500 0.056250
2 0.510938 0.401562 0.043750 0.037500
2 0.315625 0.678125 0.279687 0.206250
2 0.746875 0.546875 0.068750 0.067187
0 0.162500 0.731250 0.096875 0.090625
0 0.503125 0.575000 0.045312 0.064062
0 0.564063 0.582812 0.045312 0.060937
0 0.820312 0.481250 0.028125 0.045312
0 0.937500 0.535937 0.029687 0.057813
0 0.687500 0.640625 0.057813 0.065625
0 0.735938 0.629687 0.068750 0.071875
0 0.903125 0.434375 0.039062 0.026562
0 0.928125 0.454688 0.034375 0.032813
0 0.400000 0.437500 0.028125 0.026562
0 0.539062 0.467187 0.025000 0.029687
0 0.603125 0.528125 0.034375 0.042188
0 0.779687 0.601562 0.042188 0.057813
0 0.556250 0.431250 0.015625 0.028125
0 0.689063 0.428125 0.025000 0.020313
0 0.710938 0.426563 0.015625 0.028125
0 0.728125 0.421875 0.012500 0.031250
1 0.620313 0.571875 0.059375 0.050000
1 0.431250 0.510938 0.068750 0.037500
1 0.828125 0.726562 0.153125 0.106250
1 0.268750 0.531250 0.071875 0.040625
1 0.456250 0.593750 0.068750 0.062500
1 0.485938 0.703125 0.068750 0.078125
1 0.064062 0.681250 0.118750 0.085938
1 0.485938 0.453125 0.040625 0.025000
1 0.318750 0.545312 0.112500 0.037500
1 0.128125 0.640625 0.104688 0.070312
1 0.048438 0.617188 0.096875 0.059375
1 0.442188 0.425000 0.028125 0.018750
1 0.535937 0.550000 0.043750 0.043750
1 0.385937 0.526563 0.093750 0.045312
1 0.531250 0.418750 0.026562 0.015625
