2 0.857812 0.471875 0.053125 0.062500
2 0.612500 0.409375 0.035937 0.028125
2 0.023438 0.470313 0.046875 0.031250
2 0.615625 0.484375 0.053125 0.050000
2 0.890625 0.532813 0.078125 0.085938
2 0.135937 0.487500 0.146875 0.071875
2 0.721875 0.475000 0.118750 0.075000
2 0.187500 0.454688 0.140625 0.053125
2 0.637500 0.515625 0.076563 0.062500
2 0.832812 0.559375 0.065625 0.087500
2 0.414062 0.510938 0.090625 0.068750
2 0.379688 0.593750 0.101562 0.081250
2 0.507812 0.401562 0.043750 0.040625
2 0.303125 0.675000 0.278125 0.209375
1 0.367188 0.387500 0.015625 0.015625
1 0.293750 0.531250 0.106250 0.053125
1 0.753125 0.721875 0.154688 0.093750
1 0.120313 0.635938 0.100000 0.068750
1 0.045312 0.664062 0.090625 0.078125
1 0.390625 0.403125 0.021875 0.017188
1 0.079687 0.534375 0.103125 0.040625
1 0.334375 0.515625 0.064062 0.037500
1 0.710938 0.634375 0.112500 0.079687
1 0.539062 0.493750 0.056250 0.031250
1 0.745313 0.764062 0.109375 0.034375
1 0.100000 0.551562 0.082812 0.046875
1 0.037500 0.607812 0.073438 0.046875
1 0.539062 0.468750 0.051562 0.028125
1 0.529687 0.531250 0.040625 0.043750
1 0.439063 0.585938 0.065625 0.060937
1 0.531250 0.417187 0.025000 0.015625
1 0.457813 0.382812 0.018750 0.012500
1 0.584375 0.410938 0.025000 0.015625
0 0.121875 0.710938 0.103125 0.098437
0 0.493750 0.540625 0.037500 0.045312
0 0.498437 0.464062 0.025000 0.026562
0 0.559375 0.567187 0.054688 0.059375
0 0.600000 0.551562 0.040625 0.046875
0 0.651563 0.567187 0.056250 0.064062
0 0.695312 0.532813 0.039062 0.046875
0 0.906250 0.454688 0.021875 0.035937
0 0.414062 0.412500 0.021875 0.023438
1 0.515625 0.734375 0.143750 0.093750
2 0.464062 0.432812 0.031250 0.032813
