0 0.440625 0.626563 0.070312 0.081250
0 0.328125 0.592187 0.071875 0.060937
0 0.118750 0.500000 0.060937 0.039062
0 0.587500 0.478125 0.046875 0.039062
0 0.378125 0.434375 0.021875 0.029687
1 0.531250 0.429688 0.021875 0.018750
1 0.862500 0.760938 0.142187 0.040625
1 0.835938 0.667188 0.103125 0.084375
1 0.300000 0.557813 0.078125 0.043750
1 0.575000 0.668750 0.095312 0.075000
1 0.437500 0.431250 0.028125 0.021875
1 0.310937 0.631250 0.109375 0.065625
1 0.750000 0.685937 0.157812 0.115625
1 0.381250 0.407813 0.025000 0.020313
2 0.131250 0.634375 0.262500 0.178125
2 0.203125 0.553125 0.137500 0.057813
2 0.185938 0.507812 0.068750 0.050000
