2 0.873437 0.453125 0.053125 0.031250
2 0.601562 0.410938 0.034375 0.023438
2 0.865625 0.487500 0.053125 0.056250
2 0.328125 0.521875 0.093750 0.065625
2 0.806250 0.659375 0.137500 0.114062
2 0.409375 0.371875 0.020313 0.020313
2 0.350000 0.590625 0.120313 0.085938
2 0.709375 0.476562 0.118750 0.079687
2 0.176563 0.457813 0.142187 0.053125
2 0.121875 0.489063 0.148438 0.068750
2 0.557813 0.478125 0.056250 0.050000
2 0.521875 0.459375 0.037500 0.040625
2 0.500000 0.398438 0.037500 0.026562
2 0.290625 0.678125 0.282813 0.206250
2 0.812500 0.500000 0.040625 0.060937
0 0.114062 0.718750 0.101562 0.093750
0 0.476562 0.514062 0.034375 0.057813
0 0.532813 0.537500 0.042188 0.050000
0 0.762500 0.585938 0.068750 0.062500
0 0.587500 0.523438 0.040625 0.039062
1 0.034375 0.557813 0.065625 0.043750
1 0.487500 0.493750 0.043750 0.034375
1 0.259375 0.521875 0.059375 0.037500
1 0.029687 0.615625 0.059375 0.046875
1 0.679688 0.715625 0.115625 0.100000
1 0.109375 0.640625 0.103125 0.068750
1 0.498437 0.734375 0.134375 0.093750
1 0.042188 0.664062 0.075000 0.079687
1 0.193750 0.540625 0.115625 0.053125
1 0.623437 0.565625 0.075000 0.057813
1 0.454688 0.459375 0.040625 0.025000
1 0.567187 0.587500 0.078125 0.053125
1 0.520312 0.421875 0.025000 0.018750
2 0.401562 0.412500 0.031250 0.026562
