0 0.421875 0.614062 0.067187 0.071875
0 0.312500 0.589063 0.075000 0.064062
0 0.146875 0.507812 0.067187 0.050000
0 0.071875 0.487500 0.046875 0.034375
0 0.453125 0.467187 0.042188 0.035937
0 0.373437 0.432812 0.026562 0.032813
0 0.545312 0.459375 0.039062 0.031250
0 0.465625 0.406250 0.020313 0.023438
1 0.753125 0.681250 0.140625 0.095312
1 0.864062 0.760938 0.140625 0.040625
1 0.378125 0.406250 0.018750 0.020313
1 0.281250 0.553125 0.067187 0.043750
1 0.560937 0.650000 0.087500 0.068750
1 0.434375 0.428125 0.028125 0.021875
1 0.531250 0.428125 0.023438 0.014063
1 0.587500 0.421875 0.021875 0.015625
1 0.365625 0.418750 0.023438 0.015625
1 0.306250 0.628125 0.106250 0.064062
1 0.837500 0.671875 0.103125 0.089063
