2 0.937500 0.614062 0.125000 0.131250
2 0.137500 0.487500 0.146875 0.064062
2 0.512500 0.400000 0.042188 0.040625
1 0.042188 0.607812 0.084375 0.054688
1 0.350000 0.526563 0.103125 0.046875
1 0.771875 0.671875 0.131250 0.090625
1 0.453125 0.590625 0.067187 0.062500
1 0.053125 0.665625 0.106250 0.079687
1 0.200000 0.525000 0.090625 0.031250
1 0.125000 0.635938 0.098437 0.068750
1 0.598437 0.534375 0.056250 0.040625
1 0.393750 0.401562 0.028125 0.018750
1 0.534375 0.545312 0.043750 0.043750
1 0.426563 0.418750 0.028125 0.018750
1 0.560937 0.745313 0.168750 0.071875
0 0.145313 0.718750 0.106250 0.093750
0 0.564063 0.582812 0.034375 0.051562
0 0.634375 0.587500 0.050000 0.070312
0 0.703125 0.601562 0.056250 0.054688
0 0.743750 0.560937 0.039062 0.062500
0 0.859375 0.450000 0.028125 0.028125
0 0.903125 0.476562 0.025000 0.031250
0 0.553125 0.493750 0.043750 0.043750
0 0.465625 0.432812 0.029687 0.031250
2 0.387500 0.593750 0.109375 0.081250
2 0.620313 0.404687 0.037500 0.029687
2 0.517188 0.451562 0.034375 0.037500
2 0.854688 0.510938 0.062500 0.081250
2 0.190625 0.453125 0.140625 0.053125
2 0.729688 0.473438 0.120313 0.075000
2 0.889062 0.635938 0.117188 0.118750
2 0.679688 0.535937 0.081250 0.085938
2 0.462500 0.507812 0.087500 0.065625
2 0.304688 0.667188 0.279687 0.209375
1 0.210938 0.550000 0.125000 0.034375
2 0.054688 0.453125 0.098437 0.040625
