2 0.212500 0.454688 0.176563 0.057813
2 0.145313 0.490625 0.164062 0.079687
2 0.312500 0.665625 0.300000 0.192188
2 0.476562 0.506250 0.118750 0.071875
2 0.723437 0.475000 0.123438 0.089063
2 0.684375 0.553125 0.096875 0.085938
2 0.925000 0.676562 0.148438 0.165625
2 0.545312 0.467187 0.039062 0.037500
1 0.060937 0.673438 0.112500 0.085938
1 0.370312 0.525000 0.110937 0.057813
1 0.610938 0.548438 0.057813 0.051562
1 0.814063 0.707812 0.154688 0.118750
0 0.562500 0.578125 0.039062 0.054688
0 0.651563 0.615625 0.062500 0.071875
0 0.146875 0.721875 0.107813 0.098437
0 0.496875 0.557813 0.035937 0.043750
0 0.714063 0.609375 0.065625 0.070312
0 0.910937 0.493750 0.034375 0.045312
0 0.835938 0.459375 0.025000 0.037500
2 0.860938 0.534375 0.070312 0.106250
