1 0.529687 0.426563 0.025000 0.020313
1 0.862500 0.760938 0.143750 0.040625
1 0.907813 0.650000 0.093750 0.056250
1 0.357812 0.396875 0.015625 0.017188
1 0.540625 0.626563 0.078125 0.064062
1 0.834375 0.668750 0.100000 0.084375
1 0.259375 0.612500 0.118750 0.057813
1 0.756250 0.679688 0.156250 0.106250
0 0.364063 0.481250 0.056250 0.026562
0 0.296875 0.506250 0.054688 0.042188
0 0.317188 0.565625 0.065625 0.056250
0 0.814063 0.460938 0.032813 0.028125
0 0.276562 0.578125 0.082812 0.056250
0 0.595313 0.462500 0.039062 0.031250
0 0.464062 0.407813 0.026562 0.025000
