2 0.606250 0.420312 0.034375 0.026562
2 0.034375 0.459375 0.068750 0.037500
2 0.712500 0.490625 0.120313 0.079687
2 0.295312 0.576562 0.100000 0.070312
2 0.445312 0.435937 0.031250 0.040625
2 0.157812 0.531250 0.098437 0.060937
2 0.567187 0.482812 0.053125 0.050000
2 0.895312 0.459375 0.051562 0.040625
2 0.595313 0.732812 0.100000 0.096875
2 0.506250 0.412500 0.048438 0.040625
2 0.287500 0.678125 0.281250 0.201563
2 0.179688 0.464062 0.142187 0.054688
2 0.126562 0.489063 0.146875 0.059375
0 0.687500 0.643750 0.073438 0.085938
0 0.084375 0.701562 0.100000 0.093750
0 0.293750 0.485938 0.051562 0.034375
0 0.368750 0.490625 0.059375 0.045312
0 0.614062 0.512500 0.037500 0.048438
0 0.956250 0.723437 0.085938 0.115625
0 0.429688 0.468750 0.025000 0.026562
1 0.439063 0.618750 0.121875 0.087500
2 0.339062 0.392188 0.029687 0.023438
