0 0.376563 0.620313 0.071875 0.071875
0 0.470313 0.662500 0.070312 0.092188
0 0.275000 0.570312 0.043750 0.059375
0 0.515625 0.478125 0.046875 0.042188
0 0.434375 0.468750 0.046875 0.039062
0 0.390625 0.440625 0.029687 0.032813
0 0.596875 0.475000 0.040625 0.035937
1 0.635938 0.735938 0.135937 0.090625
2 0.720313 0.490625 0.120313 0.078125
2 0.924219 0.714844 0.151562 0.129688
2 0.021875 0.484375 0.042188 0.043750
2 0.212500 0.493750 0.137500 0.070312
2 0.123438 0.506250 0.065625 0.046875
2 0.350000 0.387500 0.023438 0.023438
2 0.137500 0.631250 0.257812 0.178125
2 0.187500 0.457813 0.140625 0.043750
2 0.092188 0.468750 0.090625 0.031250
2 0.204687 0.550000 0.110937 0.053125
1 0.750000 0.678125 0.154688 0.118750
1 0.864062 0.760938 0.140625 0.042188
1 0.362500 0.571875 0.101562 0.056250
1 0.390625 0.414062 0.029687 0.025000
1 0.378125 0.426563 0.029687 0.020313
