2 0.045312 0.451562 0.067187 0.037500
2 0.018750 0.507812 0.037500 0.059375
2 0.912500 0.568750 0.107813 0.109375
2 0.189062 0.453125 0.140625 0.053125
2 0.375000 0.589063 0.110937 0.081250
2 0.137500 0.485938 0.146875 0.068750
2 0.718750 0.473438 0.125000 0.075000
2 0.854688 0.596875 0.087500 0.104688
2 0.664062 0.532813 0.082812 0.073438
2 0.437500 0.509375 0.089063 0.067187
2 0.514062 0.398438 0.043750 0.040625
2 0.854688 0.490625 0.056250 0.067187
2 0.303125 0.675000 0.278125 0.209375
1 0.146875 0.528125 0.093750 0.034375
1 0.843750 0.757812 0.150000 0.046875
1 0.571875 0.481250 0.059375 0.032813
1 0.039062 0.609375 0.078125 0.051562
1 0.325000 0.529687 0.106250 0.050000
1 0.146875 0.550000 0.073438 0.046875
1 0.735938 0.651563 0.123438 0.084375
1 0.446875 0.376563 0.015625 0.012500
1 0.121875 0.635938 0.098437 0.068750
1 0.050000 0.665625 0.100000 0.079687
1 0.407813 0.409375 0.025000 0.018750
1 0.353125 0.509375 0.065625 0.031250
1 0.578125 0.510938 0.057813 0.039062
1 0.534375 0.381250 0.012500 0.007812
1 0.367188 0.403125 0.021875 0.014063
1 0.532813 0.540625 0.040625 0.040625
1 0.381250 0.393750 0.015625 0.015625
1 0.448437 0.589063 0.065625 0.062500
1 0.532813 0.417187 0.025000 0.018750
1 0.525000 0.735938 0.160938 0.087500
1 0.585938 0.409375 0.025000 0.014063
1 0.228125 0.571875 0.106250 0.025000
0 0.132812 0.718750 0.098437 0.087500
0 0.493750 0.546875 0.031250 0.050000
0 0.614062 0.573438 0.039062 0.060937
0 0.564063 0.582812 0.037500 0.056250
0 0.682813 0.593750 0.057813 0.060937
0 0.721875 0.543750 0.035937 0.053125
