0 0.459375 0.654687 0.075000 0.076563
0 0.559375 0.740625 0.098437 0.081250
0 0.050000 0.662500 0.076563 0.084375
0 0.390625 0.493750 0.051562 0.050000
0 0.292187 0.473438 0.046875 0.035937
0 0.460938 0.606250 0.070312 0.070312
0 0.343750 0.485938 0.046875 0.037500
0 0.478125 0.482812 0.025000 0.035937
2 0.718750 0.493750 0.120313 0.078125
2 0.460938 0.431250 0.028125 0.025000
2 0.920312 0.718750 0.159375 0.125000
2 0.262500 0.567187 0.100000 0.062500
2 0.390625 0.406250 0.034375 0.039062
2 0.226562 0.664062 0.259375 0.206250
2 0.185938 0.465625 0.140625 0.056250
2 0.134375 0.496875 0.153125 0.071875
2 0.610938 0.421875 0.034375 0.025000
