0 0.087500 0.701562 0.098437 0.098437
0 0.295312 0.487500 0.054688 0.039062
0 0.368750 0.489063 0.060937 0.034375
0 0.717187 0.682813 0.068750 0.095312
0 0.967969 0.739062 0.064062 0.084375
0 0.629687 0.523438 0.042188 0.043750
0 0.431250 0.471875 0.028125 0.034375
0 0.546875 0.437500 0.021875 0.028125
0 0.560937 0.439063 0.018750 0.031250
0 0.442188 0.400000 0.025000 0.015625
0 0.679688 0.440625 0.029687 0.029687
0 0.715625 0.440625 0.018750 0.029687
2 0.034375 0.457813 0.068750 0.037500
2 0.712500 0.490625 0.120313 0.079687
2 0.501563 0.410938 0.042188 0.040625
2 0.295312 0.576562 0.106250 0.070312
2 0.657813 0.756250 0.118750 0.050000
2 0.423438 0.421875 0.029687 0.032813
2 0.453125 0.439063 0.034375 0.040625
2 0.889062 0.459375 0.051562 0.039062
2 0.581250 0.490625 0.057813 0.053125
2 0.606250 0.418750 0.034375 0.025000
2 0.179688 0.462500 0.140625 0.053125
2 0.125000 0.489063 0.146875 0.059375
2 0.179688 0.526563 0.093750 0.059375
2 0.293750 0.678125 0.281250 0.200000
2 0.459375 0.393750 0.015625 0.025000
2 0.342187 0.389062 0.018750 0.025000
