0 0.079687 0.687500 0.109375 0.120313
0 0.625000 0.584375 0.064062 0.078125
0 0.453125 0.403125 0.025000 0.025000
0 0.423438 0.459375 0.028125 0.031250
0 0.948438 0.726562 0.095312 0.107813
0 0.726562 0.750000 0.115625 0.064062
0 0.298438 0.485938 0.053125 0.043750
0 0.368750 0.490625 0.059375 0.037500
0 0.579688 0.496875 0.037500 0.037500
0 0.681250 0.440625 0.020313 0.029687
0 0.704688 0.439063 0.021875 0.026562
2 0.037500 0.459375 0.068750 0.035937
2 0.714063 0.490625 0.121875 0.081250
2 0.268750 0.676562 0.271875 0.209375
2 0.289062 0.575000 0.096875 0.068750
2 0.128125 0.503125 0.146875 0.056250
2 0.117188 0.534375 0.103125 0.065625
2 0.537500 0.467187 0.050000 0.043750
2 0.181250 0.464062 0.142187 0.053125
2 0.093750 0.464062 0.096875 0.026562
2 0.903125 0.453125 0.068750 0.045312
2 0.496875 0.659375 0.093750 0.078125
2 0.503125 0.406250 0.040625 0.040625
