2 0.396875 0.600000 0.112500 0.084375
2 0.615625 0.407813 0.037500 0.028125
2 0.046875 0.451562 0.068750 0.037500
2 0.528125 0.462500 0.035937 0.037500
2 0.854688 0.520312 0.065625 0.084375
2 0.946094 0.637500 0.107813 0.137500
2 0.190625 0.453125 0.140625 0.053125
2 0.103125 0.451562 0.079687 0.037500
2 0.137500 0.485938 0.145313 0.068750
2 0.725000 0.473438 0.120313 0.075000
2 0.907813 0.653125 0.131250 0.126562
2 0.684375 0.542188 0.082812 0.081250
2 0.464062 0.506250 0.090625 0.065625
2 0.510938 0.400000 0.043750 0.040625
2 0.306250 0.675000 0.278125 0.209375
1 0.360938 0.525000 0.103125 0.046875
1 0.387500 0.506250 0.070312 0.029687
1 0.789062 0.689063 0.137500 0.093750
1 0.456250 0.587500 0.068750 0.062500
1 0.054688 0.667188 0.109375 0.081250
1 0.437500 0.425000 0.031250 0.021875
1 0.220312 0.525000 0.096875 0.031250
1 0.228125 0.539062 0.118750 0.034375
1 0.125000 0.635938 0.098437 0.068750
1 0.046875 0.610938 0.093750 0.056250
1 0.425000 0.370312 0.015625 0.012500
1 0.535937 0.545312 0.043750 0.043750
1 0.534375 0.417187 0.025000 0.018750
1 0.581250 0.750000 0.168750 0.062500
1 0.604688 0.540625 0.056250 0.043750
0 0.151562 0.728125 0.100000 0.089063
0 0.648438 0.603125 0.064062 0.079687
0 0.704688 0.601562 0.071875 0.075000
0 0.756250 0.568750 0.043750 0.059375
0 0.564063 0.579688 0.042188 0.062500
0 0.495312 0.551562 0.046875 0.051562
0 0.570312 0.498437 0.040625 0.039062
0 0.907813 0.484375 0.026562 0.032813
0 0.851562 0.451562 0.039062 0.031250
