0 0.060937 0.675000 0.084375 0.085938
0 0.520312 0.507812 0.042188 0.046875
0 0.557813 0.709375 0.101562 0.087500
0 0.376563 0.490625 0.067187 0.039062
0 0.087500 0.610938 0.071875 0.062500
0 0.559375 0.668750 0.078125 0.085938
0 0.685937 0.437500 0.020313 0.028125
0 0.704688 0.440625 0.023438 0.035937
0 0.459375 0.406250 0.015625 0.020313
0 0.550000 0.439063 0.015625 0.021875
0 0.565625 0.437500 0.010937 0.021875
2 0.717187 0.492188 0.121875 0.078125
2 0.942969 0.729688 0.114062 0.103125
2 0.271875 0.570312 0.098437 0.065625
2 0.131250 0.495312 0.145313 0.071875
2 0.403125 0.415625 0.028125 0.028125
2 0.184375 0.464062 0.142187 0.053125
2 0.490625 0.443750 0.034375 0.029687
2 0.240625 0.670312 0.264062 0.214062
