0 0.504687 0.703125 0.082812 0.095312
0 0.414062 0.625000 0.070312 0.076563
0 0.398438 0.576562 0.056250 0.048438
0 0.034375 0.642188 0.062500 0.090625
0 0.295312 0.471875 0.039062 0.031250
0 0.457813 0.464062 0.025000 0.023438
0 0.410938 0.490625 0.051562 0.037500
0 0.365625 0.484375 0.048438 0.034375
0 0.060937 0.609375 0.075000 0.071875
2 0.154688 0.503125 0.159375 0.059375
2 0.189062 0.462500 0.151562 0.054688
2 0.720313 0.485938 0.137500 0.090625
2 0.381250 0.396875 0.029687 0.034375
2 0.915625 0.715625 0.168750 0.129688
2 0.207813 0.654687 0.267188 0.204687
2 0.450000 0.421875 0.028125 0.031250
2 0.434375 0.376563 0.035937 0.032813
