2 0.132812 0.484375 0.165625 0.081250
2 0.187500 0.451562 0.157812 0.057813
2 0.384375 0.509375 0.101562 0.068750
2 0.370312 0.589063 0.131250 0.090625
2 0.292187 0.675000 0.287500 0.212500
2 0.603125 0.498437 0.082812 0.067187
2 0.721875 0.475000 0.128125 0.084375
2 0.818750 0.531250 0.045312 0.084375
2 0.878125 0.515625 0.064062 0.087500
2 0.864062 0.459375 0.048438 0.068750
2 0.115625 0.551562 0.087500 0.065625
1 0.253125 0.529687 0.121875 0.051562
1 0.121875 0.631250 0.120313 0.068750
1 0.040625 0.660937 0.079687 0.082812
1 0.514062 0.721875 0.143750 0.112500
1 0.648438 0.656250 0.125000 0.085938
1 0.735938 0.750000 0.135937 0.062500
1 0.670312 0.600000 0.104688 0.065625
1 0.501563 0.478125 0.056250 0.037500
0 0.550000 0.556250 0.039062 0.056250
0 0.631250 0.548438 0.035937 0.051562
0 0.484375 0.531250 0.026562 0.043750
0 0.106250 0.707812 0.103125 0.112500
0 0.940625 0.707812 0.103125 0.090625
0 0.470313 0.456250 0.028125 0.029687
2 0.439063 0.425000 0.026562 0.031250
