0 0.415625 0.642188 0.085938 0.084375
0 0.335938 0.592187 0.071875 0.059375
0 0.434375 0.485938 0.051562 0.042188
0 0.373437 0.478125 0.039062 0.028125
0 0.496875 0.482812 0.043750 0.031250
0 0.514062 0.701562 0.095312 0.100000
2 0.918750 0.715625 0.162500 0.131250
2 0.425000 0.412500 0.020313 0.025000
2 0.221875 0.556250 0.110937 0.053125
2 0.465625 0.384375 0.020313 0.021875
2 0.176563 0.503125 0.143750 0.059375
2 0.720313 0.490625 0.121875 0.078125
2 0.187500 0.464062 0.140625 0.053125
2 0.360938 0.392188 0.025000 0.025000
2 0.167187 0.642188 0.256250 0.187500
