2 0.606250 0.418750 0.034375 0.023438
2 0.278125 0.676562 0.278125 0.203125
2 0.714063 0.490625 0.118750 0.079687
2 0.551562 0.473438 0.053125 0.046875
2 0.292187 0.576562 0.100000 0.070312
2 0.137500 0.534375 0.101562 0.064062
2 0.190625 0.467187 0.143750 0.053125
2 0.126562 0.493750 0.148438 0.068750
2 0.543750 0.690625 0.090625 0.087500
0 0.656250 0.615625 0.057813 0.079687
0 0.075000 0.695312 0.103125 0.087500
0 0.023438 0.575000 0.039062 0.054688
0 0.426563 0.462500 0.021875 0.034375
0 0.300000 0.484375 0.056250 0.039062
0 0.593750 0.507812 0.050000 0.051562
0 0.950781 0.717187 0.098437 0.103125
0 0.368750 0.487500 0.059375 0.039062
0 0.450000 0.401562 0.020313 0.020313
0 0.467187 0.470313 0.037500 0.037500
0 0.325000 0.420312 0.021875 0.026562
2 0.331250 0.389062 0.020313 0.032813
