0 0.290625 0.576562 0.056250 0.062500
0 0.484375 0.673438 0.075000 0.085938
0 0.396875 0.629687 0.075000 0.075000
0 0.482812 0.481250 0.046875 0.035937
0 0.560937 0.476562 0.040625 0.042188
0 0.415625 0.471875 0.043750 0.035937
0 0.332813 0.473438 0.050000 0.034375
0 0.464062 0.406250 0.018750 0.021875
0 0.400000 0.442188 0.026562 0.023438
2 0.185938 0.500000 0.145313 0.057813
2 0.195312 0.456250 0.151562 0.046875
1 0.754687 0.678125 0.159375 0.115625
1 0.687500 0.754687 0.132812 0.053125
1 0.864062 0.759375 0.150000 0.042188
1 0.385937 0.581250 0.093750 0.059375
1 0.396875 0.415625 0.031250 0.026562
1 0.384375 0.428125 0.026562 0.023438
1 0.334375 0.645312 0.109375 0.075000
