1 0.459375 0.439063 0.034375 0.021875
1 0.371875 0.526563 0.100000 0.046875
1 0.815625 0.712500 0.146875 0.101562
1 0.453125 0.592187 0.068750 0.062500
1 0.290625 0.545312 0.076563 0.043750
1 0.057813 0.675000 0.115625 0.084375
1 0.243750 0.525000 0.090625 0.028125
1 0.412500 0.512500 0.056250 0.037500
1 0.534375 0.420312 0.025000 0.021875
1 0.126562 0.640625 0.100000 0.070312
1 0.050000 0.615625 0.100000 0.059375
1 0.535937 0.548438 0.043750 0.043750
1 0.457813 0.696875 0.028125 0.056250
1 0.615625 0.762500 0.146875 0.035937
1 0.614062 0.557813 0.059375 0.046875
2 0.615625 0.406250 0.034375 0.021875
2 0.046875 0.454688 0.068750 0.037500
2 0.556250 0.476562 0.039062 0.039062
2 0.937500 0.695312 0.125000 0.146875
2 0.860938 0.550000 0.087500 0.100000
2 0.023438 0.475000 0.046875 0.028125
2 0.406250 0.601562 0.101562 0.087500
2 0.137500 0.496875 0.146875 0.056250
2 0.190625 0.456250 0.143750 0.053125
2 0.106250 0.467187 0.093750 0.028125
2 0.040625 0.721875 0.081250 0.118750
2 0.723437 0.475000 0.121875 0.075000
2 0.651563 0.518750 0.068750 0.046875
2 0.690625 0.556250 0.081250 0.081250
2 0.478125 0.509375 0.087500 0.065625
2 0.510938 0.401562 0.043750 0.037500
2 0.976562 0.626563 0.046875 0.031250
2 0.310937 0.665625 0.276562 0.181250
0 0.565625 0.584375 0.050000 0.057813
0 0.670312 0.626563 0.064062 0.082812
0 0.151562 0.726562 0.100000 0.098437
0 0.501563 0.564063 0.037500 0.054688
0 0.767188 0.596875 0.048438 0.062500
0 0.725000 0.621875 0.059375 0.079687
0 0.921875 0.509375 0.037500 0.045312
0 0.826562 0.471875 0.028125 0.048438
