0 0.457813 0.648438 0.068750 0.095312
0 0.356250 0.603125 0.078125 0.065625
0 0.550000 0.479687 0.048438 0.040625
0 0.385937 0.437500 0.026562 0.031250
0 0.462500 0.470313 0.045312 0.034375
1 0.864062 0.760938 0.140625 0.040625
1 0.835938 0.665625 0.101562 0.082812
1 0.531250 0.428125 0.025000 0.015625
1 0.373437 0.423438 0.025000 0.018750
1 0.598437 0.696875 0.106250 0.081250
1 0.315625 0.629687 0.109375 0.056250
1 0.323437 0.562500 0.087500 0.043750
2 0.198437 0.457813 0.170313 0.057813
2 0.248438 0.501563 0.135937 0.053125
2 0.721875 0.489063 0.121875 0.096875
2 0.139063 0.625000 0.276562 0.190625
2 0.103125 0.478125 0.079687 0.053125
2 0.154688 0.501563 0.065625 0.042188
2 0.346875 0.382812 0.023438 0.035937
2 0.398438 0.398438 0.028125 0.020313
2 0.918750 0.720313 0.160938 0.121875
1 0.757812 0.682813 0.153125 0.104688
