0 0.309375 0.581250 0.073438 0.060937
0 0.404687 0.635938 0.075000 0.073438
0 0.498437 0.682813 0.084375 0.081250
0 0.468750 0.737500 0.095312 0.085938
0 0.457813 0.481250 0.054688 0.042188
0 0.398438 0.475000 0.045312 0.034375
0 0.528125 0.481250 0.046875 0.040625
2 0.192188 0.496875 0.168750 0.064062
2 0.075000 0.504687 0.070312 0.054688
2 0.189062 0.464062 0.145313 0.051562
2 0.729688 0.489063 0.135937 0.078125
2 0.357812 0.387500 0.029687 0.035937
2 0.915625 0.710938 0.167187 0.139063
2 0.415625 0.406250 0.028125 0.029687
2 0.165625 0.635938 0.284375 0.198437
2 0.220312 0.550000 0.125000 0.059375
1 0.421875 0.592187 0.100000 0.059375
1 0.754687 0.684375 0.157812 0.110937
1 0.343750 0.651563 0.114062 0.071875
1 0.862500 0.760938 0.151562 0.040625
