0 0.340625 0.565625 0.065625 0.062500
0 0.453125 0.665625 0.070312 0.095312
0 0.381250 0.601562 0.078125 0.064062
0 0.590625 0.743750 0.112500 0.073438
0 0.387500 0.485938 0.050000 0.037500
0 0.450000 0.487500 0.048438 0.039062
2 0.720313 0.492188 0.121875 0.078125
2 0.918750 0.718750 0.162500 0.125000
2 0.434375 0.417187 0.028125 0.028125
2 0.237500 0.559375 0.098437 0.056250
2 0.164062 0.503125 0.140625 0.056250
2 0.189062 0.464062 0.142187 0.053125
2 0.368750 0.396875 0.025000 0.025000
2 0.614062 0.420312 0.034375 0.023438
2 0.185938 0.651563 0.257812 0.185938
2 0.456250 0.378125 0.040625 0.031250
