2 0.715625 0.490625 0.120313 0.079687
2 0.095312 0.535937 0.103125 0.065625
2 0.528125 0.462500 0.050000 0.040625
2 0.468750 0.639062 0.081250 0.075000
2 0.128125 0.503125 0.146875 0.056250
2 0.181250 0.464062 0.140625 0.053125
2 0.259375 0.675000 0.268750 0.212500
0 0.068750 0.682813 0.082812 0.090625
0 0.595313 0.564063 0.056250 0.060937
0 0.953125 0.721875 0.079687 0.101562
0 0.689063 0.739062 0.107813 0.084375
0 0.456250 0.407813 0.028125 0.025000
0 0.300000 0.487500 0.060937 0.029687
0 0.370312 0.492188 0.057813 0.050000
0 0.420312 0.454688 0.026562 0.035937
0 0.562500 0.437500 0.020313 0.031250
