1 0.473438 0.485938 0.043750 0.031250
1 0.323437 0.565625 0.110937 0.040625
1 0.634375 0.656250 0.093750 0.081250
1 0.231250 0.526563 0.046875 0.037500
1 0.010937 0.557813 0.021875 0.037500
1 0.109375 0.642188 0.103125 0.068750
1 0.490625 0.732812 0.121875 0.093750
1 0.037500 0.670312 0.075000 0.078125
1 0.600000 0.546875 0.065625 0.053125
1 0.543750 0.565625 0.065625 0.048438
1 0.431250 0.450000 0.037500 0.021875
1 0.520312 0.425000 0.028125 0.018750
1 0.165625 0.545312 0.117188 0.056250
2 0.603125 0.415625 0.034375 0.025000
2 0.032813 0.457813 0.065625 0.037500
2 0.292187 0.525000 0.096875 0.068750
2 0.812500 0.479687 0.034375 0.056250
2 0.718750 0.592187 0.100000 0.090625
2 0.865625 0.478125 0.046875 0.056250
2 0.125000 0.500000 0.150000 0.053125
2 0.709375 0.484375 0.118750 0.078125
2 0.421875 0.378125 0.031250 0.021875
2 0.348438 0.590625 0.101562 0.078125
2 0.531250 0.468750 0.050000 0.043750
2 0.503125 0.398438 0.037500 0.021875
2 0.896875 0.451562 0.060937 0.043750
2 0.292187 0.678125 0.281250 0.206250
0 0.851562 0.675000 0.082812 0.085938
0 0.971094 0.664844 0.057813 0.089063
0 0.106250 0.709375 0.100000 0.085938
0 0.468750 0.504687 0.037500 0.032813
0 0.676562 0.543750 0.043750 0.037500
0 0.109375 0.600000 0.075000 0.040625
0 0.329688 0.420312 0.025000 0.029687
2 0.095312 0.460938 0.081250 0.028125
