2 0.606250 0.417187 0.034375 0.025000
2 0.290625 0.678125 0.281250 0.201563
2 0.034375 0.456250 0.068750 0.037500
2 0.709375 0.487500 0.125000 0.078125
2 0.015625 0.476562 0.031250 0.028125
2 0.498437 0.412500 0.043750 0.042188
2 0.351562 0.396875 0.020313 0.021875
2 0.300000 0.579688 0.118750 0.075000
2 0.125000 0.490625 0.145313 0.065625
2 0.223438 0.520312 0.090625 0.056250
2 0.834375 0.457813 0.034375 0.043750
2 0.614062 0.507812 0.062500 0.056250
2 0.879687 0.457813 0.046875 0.034375
2 0.471875 0.443750 0.043750 0.037500
2 0.453125 0.387500 0.026562 0.025000
1 0.178125 0.460938 0.140625 0.053125
