0 0.585938 0.729688 0.095312 0.101562
0 0.064062 0.679688 0.090625 0.084375
0 0.289062 0.475000 0.045312 0.031250
0 0.306250 0.489063 0.051562 0.039062
0 0.368750 0.490625 0.051562 0.034375
0 0.601562 0.690625 0.081250 0.085938
0 0.404687 0.446875 0.028125 0.026562
0 0.540625 0.523438 0.037500 0.042188
0 0.435937 0.456250 0.023438 0.026562
0 0.459375 0.404687 0.023438 0.018750
0 0.551562 0.440625 0.020313 0.026562
0 0.564063 0.437500 0.018750 0.028125
0 0.682813 0.440625 0.028125 0.032813
0 0.718750 0.440625 0.023438 0.026562
2 0.715625 0.490625 0.121875 0.078125
2 0.050000 0.543750 0.098437 0.073438
2 0.964063 0.735938 0.071875 0.090625
2 0.267188 0.571875 0.115625 0.065625
2 0.131250 0.495312 0.146875 0.071875
2 0.409375 0.415625 0.028125 0.029687
2 0.184375 0.464062 0.143750 0.053125
2 0.503125 0.450000 0.040625 0.039062
2 0.243750 0.671875 0.265625 0.215625
