0 0.482812 0.684375 0.081250 0.096875
0 0.400000 0.617188 0.070312 0.070312
0 0.026562 0.637500 0.051562 0.075000
0 0.296875 0.473438 0.042188 0.032813
0 0.428125 0.489063 0.051562 0.035937
0 0.370312 0.570312 0.065625 0.057813
0 0.376563 0.484375 0.048438 0.039062
0 0.342187 0.473438 0.040625 0.032813
0 0.462500 0.407813 0.017188 0.020313
2 0.190625 0.464062 0.165625 0.051562
2 0.159375 0.501563 0.154688 0.060937
2 0.195312 0.651563 0.270313 0.200000
2 0.443750 0.378125 0.032813 0.032813
2 0.375000 0.396875 0.026562 0.031250
2 0.723437 0.492188 0.139063 0.084375
2 0.912500 0.715625 0.175000 0.131250
