2 0.143750 0.487500 0.167187 0.075000
2 0.310937 0.670312 0.298438 0.220312
2 0.495312 0.506250 0.096875 0.076563
2 0.723437 0.470313 0.125000 0.087500
2 0.693750 0.557813 0.092188 0.089063
2 0.873437 0.567187 0.101562 0.115625
2 0.204687 0.457813 0.128125 0.050000
2 0.946875 0.710938 0.106250 0.140625
1 0.045312 0.610938 0.087500 0.059375
1 0.128125 0.637500 0.109375 0.067187
1 0.382812 0.526563 0.100000 0.037500
1 0.617188 0.567187 0.064062 0.046875
1 0.826562 0.718750 0.160938 0.095312
1 0.068750 0.671875 0.121875 0.084375
1 0.537500 0.546875 0.053125 0.046875
0 0.564063 0.582812 0.043750 0.046875
0 0.678125 0.635938 0.056250 0.065625
0 0.732812 0.629687 0.057813 0.071875
0 0.773438 0.600000 0.053125 0.064062
0 0.818750 0.471875 0.025000 0.040625
0 0.154688 0.726562 0.104688 0.096875
0 0.928125 0.518750 0.034375 0.056250
0 0.500000 0.571875 0.043750 0.053125
