2 0.135937 0.487500 0.175000 0.075000
2 0.290625 0.671875 0.289062 0.209375
2 0.384375 0.512500 0.129688 0.059375
2 0.712500 0.478125 0.126562 0.090625
2 0.913281 0.724219 0.173437 0.110937
2 0.185938 0.450000 0.145313 0.060937
2 0.868750 0.498437 0.060937 0.089063
2 0.807813 0.526563 0.051562 0.101562
2 0.585938 0.493750 0.085938 0.075000
2 0.364063 0.578125 0.154688 0.093750
0 0.481250 0.523438 0.029687 0.051562
0 0.542188 0.550000 0.032813 0.053125
0 0.609375 0.534375 0.043750 0.051562
0 0.107813 0.710938 0.107813 0.104688
0 0.875000 0.660937 0.087500 0.093750
0 0.450000 0.448437 0.029687 0.035937
0 0.028125 0.573438 0.046875 0.053125
0 0.248438 0.556250 0.068750 0.050000
2 0.107813 0.556250 0.100000 0.057813
