2 0.865625 0.457813 0.050000 0.032813
2 0.601562 0.409375 0.034375 0.025000
2 0.410938 0.414062 0.042188 0.025000
2 0.346875 0.518750 0.092188 0.065625
2 0.865625 0.703125 0.165625 0.134375
2 0.865625 0.493750 0.053125 0.060937
2 0.121875 0.487500 0.148438 0.070312
2 0.709375 0.478125 0.117188 0.078125
2 0.175000 0.456250 0.143750 0.053125
2 0.571875 0.484375 0.059375 0.054688
2 0.365625 0.590625 0.109375 0.084375
2 0.500000 0.395313 0.037500 0.025000
2 0.285938 0.678125 0.279687 0.206250
1 0.495312 0.500000 0.043750 0.035937
1 0.701562 0.734375 0.125000 0.092188
1 0.278125 0.520312 0.053125 0.037500
1 0.354687 0.389062 0.015625 0.012500
1 0.465625 0.464062 0.042188 0.026562
1 0.037500 0.554688 0.075000 0.043750
1 0.107813 0.639062 0.100000 0.068750
1 0.037500 0.665625 0.075000 0.078125
1 0.634375 0.578125 0.081250 0.060937
1 0.590625 0.601562 0.087500 0.057813
1 0.207813 0.535937 0.112500 0.053125
0 0.110937 0.710938 0.092188 0.095312
0 0.542188 0.546875 0.039062 0.048438
0 0.478125 0.518750 0.029687 0.046875
0 0.810937 0.618750 0.064062 0.073438
0 0.596875 0.529687 0.035937 0.045312
1 0.498437 0.734375 0.140625 0.093750
