2 0.034375 0.456250 0.067187 0.037500
2 0.935937 0.448437 0.068750 0.034375
2 0.712500 0.484375 0.118750 0.073438
2 0.871875 0.464062 0.046875 0.040625
2 0.443750 0.384375 0.035937 0.023438
2 0.254688 0.521875 0.096875 0.059375
2 0.318750 0.585938 0.121875 0.078125
2 0.412500 0.418750 0.043750 0.031250
2 0.176563 0.459375 0.143750 0.053125
2 0.125000 0.487500 0.146875 0.065625
2 0.496875 0.459375 0.046875 0.050000
2 0.650000 0.537500 0.075000 0.070312
2 0.292187 0.678125 0.281250 0.206250
2 0.823438 0.468750 0.029687 0.062500
1 0.589063 0.593750 0.071875 0.059375
1 0.259375 0.559375 0.112500 0.043750
1 0.729688 0.735938 0.156250 0.090625
1 0.175000 0.531250 0.078125 0.040625
1 0.964063 0.675000 0.071875 0.062500
1 0.035937 0.667188 0.071875 0.079687
1 0.453125 0.470313 0.039062 0.028125
1 0.576562 0.418750 0.026562 0.015625
1 0.146875 0.585938 0.084375 0.046875
1 0.103125 0.546875 0.112500 0.056250
1 0.565625 0.518750 0.059375 0.046875
1 0.520312 0.537500 0.046875 0.040625
1 0.410938 0.435937 0.031250 0.021875
1 0.478125 0.721875 0.096875 0.090625
1 0.600000 0.740625 0.140625 0.081250
1 0.521875 0.428125 0.026562 0.023438
1 0.104688 0.640625 0.106250 0.070312
0 0.106250 0.714063 0.096875 0.087500
0 0.367188 0.485938 0.051562 0.037500
0 0.293750 0.479687 0.054688 0.040625
0 0.721875 0.581250 0.050000 0.065625
0 0.973437 0.601562 0.053125 0.060937
0 0.064062 0.603125 0.082812 0.056250
