1 0.600000 0.609375 0.078125 0.064062
1 0.459375 0.475000 0.040625 0.031250
1 0.282813 0.560937 0.112500 0.043750
1 0.768750 0.748437 0.165625 0.065625
1 0.171875 0.529687 0.107813 0.040625
1 0.970313 0.703125 0.059375 0.071875
1 0.481250 0.725000 0.103125 0.092188
1 0.035937 0.667188 0.071875 0.081250
1 0.157812 0.584375 0.081250 0.043750
1 0.576562 0.528125 0.062500 0.048438
1 0.121875 0.546875 0.121875 0.054688
1 0.525000 0.548438 0.056250 0.037500
1 0.417187 0.440625 0.031250 0.021875
1 0.634375 0.756250 0.145313 0.048438
1 0.521875 0.428125 0.025000 0.021875
1 0.575000 0.415625 0.025000 0.015625
1 0.106250 0.640625 0.104688 0.070312
2 0.604688 0.415625 0.034375 0.025000
2 0.710938 0.482812 0.118750 0.071875
2 0.267188 0.523438 0.096875 0.062500
2 0.868750 0.468750 0.045312 0.048438
2 0.178125 0.459375 0.146875 0.053125
2 0.368750 0.404687 0.018750 0.025000
2 0.325000 0.587500 0.126562 0.078125
2 0.126562 0.481250 0.148438 0.068750
2 0.475000 0.440625 0.031250 0.037500
2 0.437500 0.379688 0.037500 0.025000
2 0.665625 0.550000 0.078125 0.075000
2 0.292187 0.678125 0.279687 0.206250
2 0.818750 0.470313 0.045312 0.067187
0 0.112500 0.714063 0.090625 0.079687
0 0.960938 0.620313 0.065625 0.079687
0 0.750000 0.604688 0.065625 0.079687
0 0.459375 0.493750 0.039062 0.039062
0 0.512500 0.506250 0.042188 0.043750
0 0.364063 0.485938 0.056250 0.032813
2 0.504687 0.456250 0.048438 0.040625
