2 0.725000 0.490625 0.132812 0.109375
2 0.134375 0.492188 0.181250 0.090625
2 0.195312 0.462500 0.142187 0.073438
0 0.520312 0.693750 0.089063 0.092188
0 0.504687 0.495312 0.034375 0.040625
0 0.062500 0.667188 0.078125 0.082812
0 0.381250 0.490625 0.048438 0.039062
0 0.523438 0.639062 0.087500 0.067187
0 0.565625 0.435937 0.021875 0.029687
0 0.553125 0.442188 0.018750 0.034375
0 0.295312 0.473438 0.040625 0.037500
0 0.395313 0.439063 0.021875 0.031250
0 0.459375 0.407813 0.017188 0.025000
2 0.240625 0.660937 0.292187 0.214062
2 0.481250 0.443750 0.034375 0.039062
2 0.612500 0.418750 0.042188 0.034375
